function calcFFT()

    V = [6.219397e+00, 8.220310e+00, 8.862213e+00, 8.060610e+00, 6.181881e+00, 3.909755e+00, 1.999020e+00, 1.008486e+00, 1.112520e+00, 2.060295e+00, 3.295702e+00, 4.190074e+00, 4.297374e+00, 3.533537e+00, 2.211012e+00, 9.152619e-01, 2.705943e-01, 6.854146e-01, 2.175338e+00, 4.333498e+00, 6.461763e+00, 7.815500e+00, 7.871186e+00, 6.517000e+00, 4.095077e+00, 1.279543e+00, -1.163999e+00, -2.647714e+00, -2.959323e+00, -2.315793e+00, -1.255055e+00, -4.092503e-01, -2.475993e-01, -8.880182e-01, -2.049875e+00, -3.166026e+00, -3.611110e+00, -2.958289e+00, -1.165226e+00, 1.383482e+00, 3.996004e+00, 5.912172e+00, 6.573182e+00, 5.821545e+00, 3.956506e+00, 1.624229e+00, -4.161346e-01, -1.563016e+00, -1.578880e+00, -6.565426e-01, 6.773494e-01, 1.782674e+00, 2.164358e+00, 1.669408e+00, 5.467510e-01, -6.530736e-01, -1.299836e+00, -9.417997e-01, 4.995471e-01, 2.674285e+00, 4.911792e+00, 6.453004e+00, 6.721334e+00, 5.531244e+00, 3.156458e+00, 2.322413e-01, -2.471655e+00, -4.322551e+00, -5.039759e+00, -4.773669e+00, -4.021513e+00, -3.414216e+00, -3.457354e+00, -4.326181e+00, -5.793532e+00, -7.318333e+00, -8.260739e+00, -8.141240e+00, -6.843733e+00, -4.683384e+00, -2.311126e+00, -4.885330e-01, 1.837366e-01, -5.172444e-01, -2.355709e+00, -4.722395e+00, -6.854008e+00, -8.104891e+00, -8.169665e+00, -7.174647e+00, -5.605840e+00, -4.103225e+00, -3.201547e+00, -3.117599e+00, -3.665757e+00, -4.334183e+00, -4.492386e+00, -3.650350e+00, -1.669204e+00, 1.158644e+00, 4.192782e+00, 6.662390e+00, 7.937942e+00, 7.755831e+00, 6.311961e+00, 4.189284e+00, 2.146449e+00, 8.466097e-01, 6.275055e-01, 1.397792e+00, 2.696491e+00, 3.890562e+00, 4.433451e+00, 4.084789e+00, 3.006768e+00, 1.700167e+00, 8.045762e-01, 8.396034e-01, 1.986820e+00, 3.997277e+00, 6.262059e+00, 8.021573e+00, 8.636470e+00, 7.819295e+00, 5.740250e+00, 2.967434e+00, 2.639192e-01, -1.682470e+00, -2.495938e+00, -2.228487e+00, -1.313236e+00, -3.754918e-01, 2.451862e-02, -3.821393e-01, -1.464970e+00, -2.745519e+00, -3.588691e+00, -3.460418e+00, -2.152325e+00, 1.139062e-01, 2.744470e+00, 4.974205e+00, 6.136371e+00, 5.901075e+00, 4.393236e+00, 2.145970e+00, -9.314111e-02, -1.630382e+00, -2.068733e+00, -1.435226e+00, -1.469465e-01, 1.168983e+00, 1.930926e+00, 1.835034e+00, 9.749964e-01, -1.967347e-01, -1.051320e+00, -1.039421e+00, 7.802050e-02, 2.113736e+00, 4.499217e+00, 6.476344e+00, 7.365224e+00, 6.808608e+00, 4.901576e+00, 2.157914e+00, -6.742102e-01, -2.878345e+00, -4.018334e+00, -4.077269e+00, -3.436555e+00, -2.705551e+00, -2.468693e+00, -3.047936e+00, -4.371948e+00, -6.002313e+00, -7.306726e+00, -7.712671e+00, -6.943875e+00, -5.147876e+00, -2.863956e+00, -8.411467e-01, 2.270123e-01, -4.766105e-02, -1.606856e+00, -3.966209e+00, -6.389677e+00, -8.152594e+00, -8.795243e+00, -8.272859e+00, -6.947603e+00, -5.428008e+00, -4.319116e+00, -3.979953e+00, -4.381682e+00, -5.120892e+00, -5.582887e+00, -5.192233e+00, -3.654045e+00, -1.092469e+00, 1.968541e+00, 4.777386e+00, 6.617046e+00, 7.059971e+00, 6.120473e+00, 4.247622e+00, 2.161324e+00, 5.929510e-01, 2.739479e-02, 5.423089e-01, 1.803137e+00, 3.213336e+00, 4.160491e+00, 4.263040e+00, 3.522605e+00, 2.323445e+00, 1.279215e+00, 9.858963e-01, 1.776003e+00, 3.569231e+00, 5.878518e+00, 7.971682e+00, 9.129702e+00, 8.905746e+00, 7.288183e+00, 4.706566e+00, 1.878311e+00, -4.465880e-01, -1.747474e+00, -1.904322e+00, -1.215851e+00, -2.601053e-01, 3.472431e-01, 2.031781e-01, -7.201924e-01, -2.063414e+00, -3.222414e+00, -3.591380e+00, -2.812314e+00, -9.346895e-01, 1.577641e+00, 3.997412e+00, 5.587932e+00, 5.865890e+00, 4.774887e+00, 2.704781e+00, 3.496106e-01, -1.542689e+00, -2.435272e+00, -2.183531e+00, -1.066062e+00, 3.438601e-01, 1.415187e+00, 1.712539e+00, 1.168590e+00, 1.091794e-01, -8.784407e-01, -1.183612e+00, -4.249229e-01, 1.380234e+00, 3.795801e+00, 6.106941e+00, 7.569035e+00, 7.673522e+00, 6.331372e+00, 3.905556e+00, 1.080356e+00, -1.383579e+00, -2.916907e+00, -3.332459e+00, -2.869265e+00, -2.075551e+00, -1.577495e+00, -1.823531e+00, -2.902771e+00, -4.507315e+00, -6.052979e+00, -6.912085e+00, -6.668807e+00, -5.298400e+00, -3.200109e+00, -1.068825e+00, 3.482421e-01, 5.197408e-01, -6.768742e-01, -2.909810e+00, -5.511900e+00, -7.719533e+00, -8.942284e+00, -8.962895e+00, -7.994104e+00, -6.573253e+00, -5.337051e+00, -4.764007e+00, -4.983815e+00, -5.726922e+00, -6.433631e+00, -6.480812e+00, -5.439021e+00, -3.260661e+00, -3.255607e-01, 2.675810e+00, 4.979678e+00, 6.019075e+00, 5.626021e+00, 4.090188e+00, 2.052105e+00, 2.709223e-01, -6.464370e-01, -4.538608e-01, 6.644571e-01, 2.187511e+00, 3.476105e+00, 4.031566e+00, 3.694800e+00, 2.709197e+00, 1.623228e+00, 1.070147e+00, 1.509501e+00, 3.030248e+00, 5.292353e+00, 7.631468e+00, 9.289419e+00, 9.685323e+00, 8.626215e+00, 6.378418e+00, 3.572888e+00, 9.799563e-01, -7.623492e-01, -1.365230e+00, -9.713313e-01, -7.356020e-02, 6.962270e-01, 8.263454e-01, 1.322132e-01, -1.168474e+00, -2.541210e+00, -3.347992e+00, -3.106489e+00, -1.695052e+00, 5.763465e-01, 3.058609e+00, 4.986816e+00, 5.751908e+00, 5.119514e+00, 3.314108e+00, 9.369978e-01, -1.251136e+00, -2.601811e+00, -2.803216e+00, -1.974664e+00, -5.976563e-01, 6.878792e-01, 1.342732e+00, 1.142949e+00, 2.673189e-01, -7.757683e-01, -1.353966e+00, -9.700487e-01, 5.255440e-01, 2.851494e+00, 5.375730e+00, 7.331012e+00, 8.086497e+00, 7.374157e+00, 5.385421e+00, 2.701845e+00, 8.579646e-02, -1.790578e+00, -2.577065e+00, -2.352119e+00, -1.566617e+00, -8.484312e-01, -7.441872e-01, -1.497923e+00, -2.951811e+00, -4.607071e+00, -5.821721e+00, -6.069205e+00, -5.158175e+00, -3.328005e+00, -1.181407e+00, 5.227511e-01, 1.140106e+00, 3.741636e-01, -1.614895e+00, -4.266728e+00, -6.821521e+00, -8.589809e+00, -9.190818e+00, -8.671142e+00, -7.461207e+00, -6.188502e+00, -5.420674e+00, -5.437718e+00, -6.120898e+00, -7.001024e+00, -7.447564e+00, -6.925874e+00, -5.223410e+00, -2.556983e+00, 4.820316e-01, 3.126265e+00, 4.701759e+00, 4.867980e+00, 3.738777e+00, 1.839033e+00, -8.672024e-02, -1.342106e+00, -1.523183e+00, -6.486869e-01, 8.707395e-01, 2.410222e+00, 3.385593e+00, 3.487066e+00, 2.801777e+00, 1.778132e+00, 1.045680e+00, 1.159701e+00, 2.368949e+00, 4.496689e+00, 6.982521e+00, 9.071624e+00, 1.008198e+01, 9.650157e+00, 7.863869e+00, 5.231571e+00, 2.500546e+00, 3.914697e-01, -6.515118e-01, -6.025494e-01, 1.635899e-01, 1.039447e+00, 1.437020e+00, 1.026587e+00, -1.297307e-01, -1.600983e+00, -2.758175e+00, -3.027232e+00, -2.126727e+00, -1.982022e-01, 2.222701e+00, 4.385832e+00, 5.591087e+00, 5.439595e+00, 3.977711e+00, 1.679917e+00, -7.229581e-01, -2.505910e+00, -3.204442e+00, -2.767247e+00, -1.551387e+00, -1.642367e-01, 7.855388e-01, 9.316479e-01, 2.947006e-01, -7.278706e-01, -1.522601e+00, -1.509699e+00, -3.854852e-01, 1.736406e+00, 4.340994e+00, 6.681547e+00, 8.040888e+00, 7.987382e+00, 6.530014e+00, 4.114541e+00, 1.462170e+00, -6.888650e-01, -1.842314e+00, -1.907351e+00, -1.206846e+00, -3.298314e-01, 1.135364e-01, -2.603948e-01, -1.453915e+00, -3.085359e+00, -4.539807e+00, -5.215206e+00, -4.769202e+00, -3.271142e+00, -1.199281e+00, 7.181807e-01, 1.760335e+00, 1.473550e+00, -1.628832e-01, -2.727470e+00, -5.507089e+00, -7.751102e+00, -8.934113e+00, -8.929761e+00, -8.032049e+00, -6.818601e+00, -5.910104e+00, -5.719161e+00, -6.285305e+00, -7.259535e+00, -8.044314e+00, -8.035264e+00, -6.871510e+00, -4.597814e+00, -1.674662e+00, 1.170000e+00, 3.193621e+00, 3.902702e+00, 3.228895e+00, 1.551664e+00, -4.409376e-01, -2.001233e+00, -2.587599e+00, -2.048037e+00, -6.543659e-01, 1.023493e+00, 2.353089e+00, 2.893532e+00, 2.570220e+00, 1.703106e+00, 8.776765e-01, 7.081889e-01, 1.584289e+00, 3.498994e+00, 6.025564e+00, 8.454521e+00, 1.004127e+01, 1.027255e+01, 9.052301e+00, 6.737328e+00, 4.009509e+00, 1.632240e+00, 1.821839e-01, -1.439521e-01, 4.233238e-01, 1.340385e+00, 1.980249e+00, 1.888764e+00, 9.684495e-01, -4.806640e-01, -1.878914e+00, -2.598361e+00, -2.218656e+00, -7.085500e-01, 1.538015e+00, 3.827391e+00, 5.408110e+00, 5.739606e+00, 4.687512e+00, 2.572491e+00, 5.429214e-02, -2.105541e+00, -3.313640e+00, 